Question #1: Impute "NR" as 0
         ID  2a  2b  2c  2d Language  Decision
0   6512031   3   3   3   2  JScript         0
1   6830409   3   3   3   3  JScript         1
2   7859055   3   3   3   3  JScript         0
3   6709281   3   1   0   0  JScript         0
4   6815690   3   0   1   0  JScript         0
5   6687486   3   3   3   1   Python         1
6   6577724   3   3   2   0  Scratch         0
7   6756474   3   3   2   3  JScript         0
8   6560781   3   1   1  NR  JScript         0
9   6779385   3   2   2   3  JScript         1
10  6618150   3   3   3   2  Scratch         0
11  6559228   3   3   3   3  JScript         1
12  7130339   3   3   3   3  JScript         1
13  6772518   3   1   0   0  Jscript         0
14  6774486   3   3   3   3  Jscript         1
15  6681199   3   3   2   0  Jscript         0
16  6560013   3   3   3   3   Python         1
17  6791324   3   3   3   3     Java         1
18  6561057   3   2   3   3  Jscript         1
19  6840392   3   1   1   0       VB         0
20  6553001   3   3   3   3     Java         1
21  6828523   1   3   3   3  Jscript         0
22  7859056   3   3   3   2     Snap         0
23  6616619   3   2   2   3     Java         0
24  6550791   3   0  NR  NR  Jscript         0
25  6807984   3   3   2   1     Snap         0
26  7859057   3   3   2   3      C++         1
27  6507474   3   1   2   0  Jscript         0
28  6575909   3   1   1   0     Java         0
29  6758458   1   3   3   0  Jscript         0
..      ...  ..  ..  ..  ..      ...       ...
69  6668995   3   1   3   3       C#         0
70  7859060   3   2   2   2     Snap         0
71  6849147   3   0   1   3  Scratch         0
72  6845731   3   3   2   1  Jscript         0
73  6811682   3   1   0  NR  Jscript         0
74  6731756   3   2   2   0     Snap         0
75  6850257   3   1   3   1  Jscript         0
76  6576779   3   1   2   3  Scratch         0
77  6820511   3   2   3   3       C#         1
78  6834785   3  NR  NR   0  Jscript         0
79  6538976   3   3   0   0  Scratch         0
80  6832364   3   3   3   3     Java         1
81  6728934   3   3   3   3   Python         1
82  6749914   3   1   1   3       VB         0
83  6818444   3   3   3   3      Lua         1
84  6731907   3   0   1   1     Snap         0
85  6699747   3   3   2   3  Jscript         1
86  6656533   3   3   3   3  Jscript         1
87  6857411   3   2   1   3  Jscript         0
88  7859061   3   2   2   3   Python         1
89  6556837   3   3   2   1  Scratch         0
90  6808367   3   3   2   1  Scratch         0
91  6568604   3   3   3   3    Alice         1
92  6578217   3   3   3   1  Scratch         0
93  6645200   3   2   3   1  Scratch         0
94  6682121   3   1   1   1  Scratch         0
95  6552751   3   2   1   3  Jscript         0
96  6552557   3   3   3   3   Python         1
97  7022404   0   1  NR   0     HTML         0
98  6707000   3   3   2   0  Scratch         0

[99 rows x 7 columns]
After Imputation:
         ID  2a   2b   2c   2d Language  Decision
0   6512031   3  3.0  3.0  2.0  jscript         0
1   6830409   3  3.0  3.0  3.0  jscript         1
2   7859055   3  3.0  3.0  3.0  jscript         0
3   6709281   3  1.0  0.0  0.0  jscript         0
4   6815690   3  0.0  1.0  0.0  jscript         0
5   6687486   3  3.0  3.0  1.0   python         1
6   6577724   3  3.0  2.0  0.0  scratch         0
7   6756474   3  3.0  2.0  3.0  jscript         0
8   6560781   3  1.0  1.0  0.0  jscript         0
9   6779385   3  2.0  2.0  3.0  jscript         1
10  6618150   3  3.0  3.0  2.0  scratch         0
11  6559228   3  3.0  3.0  3.0  jscript         1
12  7130339   3  3.0  3.0  3.0  jscript         1
13  6772518   3  1.0  0.0  0.0  jscript         0
14  6774486   3  3.0  3.0  3.0  jscript         1
15  6681199   3  3.0  2.0  0.0  jscript         0
16  6560013   3  3.0  3.0  3.0   python         1
17  6791324   3  3.0  3.0  3.0     java         1
18  6561057   3  2.0  3.0  3.0  jscript         1
19  6840392   3  1.0  1.0  0.0       vb         0
20  6553001   3  3.0  3.0  3.0     java         1
21  6828523   1  3.0  3.0  3.0  jscript         0
22  7859056   3  3.0  3.0  2.0     snap         0
23  6616619   3  2.0  2.0  3.0     java         0
24  6550791   3  0.0  0.0  0.0  jscript         0
25  6807984   3  3.0  2.0  1.0     snap         0
26  7859057   3  3.0  2.0  3.0      c++         1
27  6507474   3  1.0  2.0  0.0  jscript         0
28  6575909   3  1.0  1.0  0.0     java         0
29  6758458   1  3.0  3.0  0.0  jscript         0
..      ...  ..  ...  ...  ...      ...       ...
69  6668995   3  1.0  3.0  3.0       c#         0
70  7859060   3  2.0  2.0  2.0     snap         0
71  6849147   3  0.0  1.0  3.0  scratch         0
72  6845731   3  3.0  2.0  1.0  jscript         0
73  6811682   3  1.0  0.0  0.0  jscript         0
74  6731756   3  2.0  2.0  0.0     snap         0
75  6850257   3  1.0  3.0  1.0  jscript         0
76  6576779   3  1.0  2.0  3.0  scratch         0
77  6820511   3  2.0  3.0  3.0       c#         1
78  6834785   3  0.0  0.0  0.0  jscript         0
79  6538976   3  3.0  0.0  0.0  scratch         0
80  6832364   3  3.0  3.0  3.0     java         1
81  6728934   3  3.0  3.0  3.0   python         1
82  6749914   3  1.0  1.0  3.0       vb         0
83  6818444   3  3.0  3.0  3.0      lua         1
84  6731907   3  0.0  1.0  1.0     snap         0
85  6699747   3  3.0  2.0  3.0  jscript         1
86  6656533   3  3.0  3.0  3.0  jscript         1
87  6857411   3  2.0  1.0  3.0  jscript         0
88  7859061   3  2.0  2.0  3.0   python         1
89  6556837   3  3.0  2.0  1.0  scratch         0
90  6808367   3  3.0  2.0  1.0  scratch         0
91  6568604   3  3.0  3.0  3.0    alice         1
92  6578217   3  3.0  3.0  1.0  scratch         0
93  6645200   3  2.0  3.0  1.0  scratch         0
94  6682121   3  1.0  1.0  1.0  scratch         0
95  6552751   3  2.0  1.0  3.0  jscript         0
96  6552557   3  3.0  3.0  3.0   python         1
97  7022404   0  1.0  0.0  0.0     html         0
98  6707000   3  3.0  2.0  0.0  scratch         0

[99 rows x 7 columns]

Question #2: Simple Statistics
               2a        2b        2c        2d
MEAN     2.898990  2.141414  2.050505  1.727273
MEDIAN   3.000000  3.000000  2.000000  2.000000
STD DEV  0.460455  1.034848  0.998724  1.316701

Question #3: SQL Queries
Most Popular Language: [('jscript',)]

Least Popular Languages: [('alice',), ('c++',), ('proccessing',)]

Most Difficult Question: [('2d',)]

Least Difficult Question: [('2a',)]

IDs for Score < 2 on Question 2c: [(6709281,), (6815690,), (6560781,), (6772518,), (6840392,), (6550791,), (6575909,), (6850173,), (6553279,), (6729980,), (6761919,), (6828929,), (6581302,), (7859058,), (7859059,), (6831041,), (6700483,), (6737372,), (6850484,), (6849147,), (6811682,), (6834785,), (6538976,), (6749914,), (6731907,), (6857411,), (6682121,), (6552751,), (7022404,)]

IDs for Score < Mean for Question 2d: [(6709281,), (6815690,), (6687486,), (6577724,), (6560781,), (6772518,), (6681199,), (6840392,), (6550791,), (6807984,), (6507474,), (6575909,), (6758458,), (6850173,), (6570757,), (6856165,), (6574117,), (6590105,), (6729980,), (6672883,), (6828929,), (6581302,), (7859058,), (6831041,), (6700483,), (6548531,), (6758775,), (6737372,), (6866396,), (6845731,), (6811682,), (6731756,), (6850257,), (6834785,), (6538976,), (6731907,), (6556837,), (6808367,), (6578217,), (6645200,), (6682121,), (7022404,), (6707000,)]

Question #4: Is the data Normally Distributed? Histograms for 2c and 2d
No, the data is not normally distributed

Question #5: One-Sample T-Test on 2c and 2d
2c: Ttest_1sampResult(statistic=20.324902892209384, pvalue=6.3626735506526225e-37)
2d: Ttest_1sampResult(statistic=12.98634387033718, pvalue=5.0296645896482982e-23)

Question #6: Linear Regression with Gradient Descent using 2b, 2c, and 2d
Alpha: 0.1
Number of Iterations:100
Original Theta: [[0.3], [0.4], [0.3]]
Prediction Theta: [[ 0.01699626]
 [ 0.01536982]
 [ 0.17888926]]

Question #7: R^2 of Coeffiencts from #6
R-Squared: Decision    0.422729
dtype: float64

Question #8: K-Means Clustering using 2b, 2c, and 2d with K=5

IDs in Group 0.0
6551585
6616619
7859060
6558205
6553279
6622669
6699747
6857411
7859061
6761919
7859057
6779385
6756474
6632336
6755849
7859059
6778168
6552751

IDs in Group 1.0
6581302
6700483
7022404
6737372
6850173
6811682
6575909
6828929
6548531
7859058
6550791
6682121
6709281
6815690
6560781
6772518
6731907
6840392
6507474
6834785

IDs in Group 2.0
6850257
6676078
6576779
6668995
6849147
6749914
6584842
6850484
6676627

IDs in Group 3.0
6758775
6731756
6808367
6538976
6578217
6645200
6845731
6866396
6556837
6707000
6681199
6672883
6831041
6687486
6729980
6577724
6590105
6574117
6807984
6856165
6570757
6758458

IDs in Group 4.0
6774278
6560013
6656533
6774486
6559228
6818444
6618150
6568604
7859055
6830409
6552557
7130339
6791324
6820511
6832364
6561057
6553001
6828523
7859056
6791253
6684868
6553107
6844718
6803139
6741478
6639865
6695408
6662466
6728934
6512031

Question #9: Is there a bias towards a language?

Averages Scores for Students Whose Programs were Accepted
          2a        2b        2c   2d       Avg
Language                                       
alice      3  3.000000  3.000000  3.0  3.000000
c#         3  2.000000  3.000000  3.0  2.750000
c++        3  3.000000  2.000000  3.0  2.750000
html       3  3.000000  2.000000  3.0  2.750000
java       3  2.600000  2.800000  3.0  2.850000
jscript    3  2.764706  2.764706  3.0  2.882353
lua        3  3.000000  3.000000  3.0  3.000000
python     3  2.800000  2.800000  2.6  2.800000

Averages Scores for Students Whose Programs were Rejected
                   2a        2b        2c        2d       Avg
Language                                                     
c#           3.000000  1.000000  3.000000  3.000000  2.500000
html         0.000000  1.000000  0.000000  0.000000  0.250000
java         3.000000  2.000000  1.600000  1.800000  2.100000
jscript      2.758621  1.758621  1.517241  0.896552  1.732759
proccessing  3.000000  2.000000  3.000000  2.000000  2.500000
python       3.000000  2.000000  2.000000  0.000000  1.750000
scratch      3.000000  2.058824  1.764706  1.117647  1.985294
snap         3.000000  1.875000  2.250000  1.500000  2.156250
vb           3.000000  1.000000  1.000000  1.500000  1.625000

It is hard to define patterns with such a small dataset, but putting that aside and assuming that the grader was the same person for all the scores, it can be seen that programs written in Alice and Lua were graded harder, because the only people to have their programs accepted had a perfect score.
